1 1
1 2
1 4
1 5
1 7
1 8
1 11
1 14
1 15
1 16
1 17
1 18
1 20
1 25
1 27
1 28
1 31
1 32
1 34
1 35
1 38
2 1
2 5
2 7
2 12
2 14
2 20
2 21
2 24
2 25
2 27
2 32
2 34
2 35
2 36
2 38
3 1
3 5
3 7
3 12
3 14
3 20
3 22
3 23
3 25
3 27
3 32
3 34
3 36
3 37
3 38
4 1
4 2
4 4
4 5
4 7
4 8
4 11
4 12
4 14
4 20
4 22
4 23
4 25
4 27
4 28
4 31
4 32
4 34
4 37
4 38
5 1
5 7
5 12
5 14
5 20
5 25
5 27
5 32
5 34
5 38
6 1
6 7
6 12
6 14
6 20
6 25
6 27
6 32
6 34
6 38
7 1
7 7
7 12
7 14
7 20
7 25
7 27
7 32
7 34
7 38
8 1
8 7
8 12
8 14
8 15
8 16
8 17
8 18
8 20
8 25
8 27
8 32
8 34
8 38
10 2
10 3
10 4
10 5
10 12
10 13
10 14
10 15
10 16
10 17
10 21
10 22
10 23
10 24
10 30
10 31
10 32
10 33
10 34
11 5
11 6
11 7
11 11
11 18
11 24
11 25
11 26
11 34
11 35
11 36
12 6
12 7
12 11
12 18
12 25
12 26
12 36
12 37
13 7
13 8
13 11
13 18
13 26
13 27
13 35
13 36
14 7
14 8
14 26
14 27
14 30
14 31
14 32
14 33
14 34
14 35
15 7
15 8
15 11
15 18
15 26
15 27
15 35
15 36
16 6
16 7
16 11
16 18
16 25
16 26
16 36
16 37
17 3
17 4
17 5
17 11
17 18
17 22
17 23
17 24
17 25
17 34
17 35
17 36
18 1
18 2
18 3
18 4
18 5
18 6
18 7
18 8
18 9
18 12
18 13
18 14
18 15
18 16
18 17
18 20
18 21
18 22
18 23
18 24
18 25
18 26
18 27
18 28
18 30
18 31
18 32
18 33
18 34
